---
title: 4. EXCEPT
updated: 2026-04-04 05:48:24Z
created: 2026-04-04 05:48:20Z
latitude: -33.86881970
longitude: 151.20929550
altitude: 0.0000
---
